[[[115 717]]

 [[115 719]]][[[393 660]]

 [[392 661]]

 [[391 661]]

 [[386 666]]

 [[386 667]]

 [[385 668]]

 [[385 674]]

 [[386 675]]

 [[386 676]]

 [[391 681]]

 [[392 681]]

 [[393 682]]

 [[395 682]]

 [[396 683]]

 [[403 683]]

 [[404 682]]

 [[405 682]]

 [[409 678]]

 [[409 677]]

 [[410 676]]

 [[410 674]]

 [[411 673]]

 [[412 673]]

 [[413 674]]

 [[414 674]]

 [[422 682]]

 [[423 682]]

 [[429 688]]

 [[432 688]]

 [[433 687]]

 [[434 687]]

 [[435 686]]

 [[435 683]]

 [[433 681]]

 [[432 681]]

 [[422 671]]

 [[421 671]]

 [[418 668]]

 [[417 668]]

 [[415 666]]

 [[414 666]]

 [[413 665]]

 [[412 665]]

 [[411 664]]

 [[409 664]]

 [[408 663]]

 [[407 663]]

 [[406 662]]

 [[404 662]]

 [[403 661]]

 [[402 661]]

 [[401 660]]][[[392 661]]

 [[393 660]]

 [[401 660]]

 [[402 661]]

 [[403 661]]

 [[404 662]]

 [[406 662]]

 [[407 663]]

 [[408 663]]

 [[409 664]]

 [[411 664]]

 [[412 665]]

 [[413 665]]

 [[414 666]]

 [[415 666]]

 [[417 668]]

 [[418 668]]

 [[421 671]]

 [[422 671]]

 [[432 681]]

 [[433 681]]

 [[435 683]]

 [[435 686]]

 [[434 687]]

 [[433 687]]

 [[432 688]]

 [[429 688]]

 [[423 682]]

 [[422 682]]

 [[414 674]]

 [[413 674]]

 [[412 673]]

 [[411 673]]

 [[410 674]]

 [[410 676]]

 [[409 677]]

 [[409 678]]

 [[405 682]]

 [[404 682]]

 [[403 683]]

 [[396 683]]

 [[395 682]]

 [[393 682]]

 [[392 681]]

 [[391 681]]

 [[386 676]]

 [[386 675]]

 [[385 674]]

 [[385 668]]

 [[386 667]]

 [[386 666]]

 [[391 661]]][[[394 666]]

 [[392 668]]

 [[392 672]]

 [[396 676]]

 [[397 676]]

 [[398 677]]

 [[402 677]]

 [[403 676]]

 [[403 669]]

 [[401 667]]

 [[399 667]]

 [[398 666]]][[[394 666]]

 [[398 666]]

 [[399 667]]

 [[401 667]]

 [[403 669]]

 [[403 676]]

 [[402 677]]

 [[398 677]]

 [[397 676]]

 [[396 676]]

 [[392 672]]

 [[392 668]]][[[387 604]]

 [[386 605]]

 [[384 605]]

 [[381 608]]

 [[381 609]]

 [[380 610]]

 [[380 613]]

 [[381 614]]

 [[381 615]]

 [[382 616]]

 [[382 617]]

 [[385 620]]

 [[386 620]]

 [[388 622]]

 [[389 622]]

 [[390 623]]

 [[393 623]]

 [[394 624]]

 [[395 624]]

 [[396 623]]

 [[398 623]]

 [[402 619]]

 [[402 615]]

 [[403 614]]

 [[404 614]]

 [[405 615]]

 [[406 615]]

 [[408 617]]

 [[409 617]]

 [[410 618]]

 [[411 618]]

 [[414 621]]

 [[415 621]]

 [[417 623]]

 [[418 623]]

 [[428 633]]

 [[430 633]]

 [[431 632]]

 [[432 632]]

 [[433 631]]

 [[433 628]]

 [[424 619]]

 [[423 619]]

 [[420 616]]

 [[419 616]]

 [[417 614]]

 [[416 614]]

 [[415 613]]

 [[414 613]]

 [[412 611]]

 [[411 611]]

 [[410 610]]

 [[409 610]]

 [[408 609]]

 [[407 609]]

 [[406 608]]

 [[405 608]]

 [[404 607]]

 [[403 607]]

 [[402 606]]

 [[400 606]]

 [[399 605]]

 [[396 605]]

 [[395 604]]][[[386 605]]

 [[387 604]]

 [[395 604]]

 [[396 605]]

 [[399 605]]

 [[400 606]]

 [[402 606]]

 [[403 607]]

 [[404 607]]

 [[405 608]]

 [[406 608]]

 [[407 609]]

 [[408 609]]

 [[409 610]]

 [[410 610]]

 [[411 611]]

 [[412 611]]

 [[414 613]]

 [[415 613]]

 [[416 614]]

 [[417 614]]

 [[419 616]]

 [[420 616]]

 [[423 619]]

 [[424 619]]

 [[433 628]]

 [[433 631]]

 [[432 632]]

 [[431 632]]

 [[430 633]]

 [[428 633]]

 [[418 623]]

 [[417 623]]

 [[415 621]]

 [[414 621]]

 [[411 618]]

 [[410 618]]

 [[409 617]]

 [[408 617]]

 [[406 615]]

 [[405 615]]

 [[404 614]]

 [[403 614]]

 [[402 615]]

 [[402 619]]

 [[398 623]]

 [[396 623]]

 [[395 624]]

 [[394 624]]

 [[393 623]]

 [[390 623]]

 [[389 622]]

 [[388 622]]

 [[386 620]]

 [[385 620]]

 [[382 617]]

 [[382 616]]

 [[381 615]]

 [[381 614]]

 [[380 613]]

 [[380 610]]

 [[381 609]]

 [[381 608]]

 [[384 605]]][[[389 609]]

 [[388 610]]

 [[387 610]]

 [[386 611]]

 [[386 612]]

 [[387 613]]

 [[387 614]]

 [[391 618]]

 [[393 618]]

 [[394 619]]

 [[396 619]]

 [[398 617]]

 [[398 616]]

 [[399 615]]

 [[399 613]]

 [[397 611]]

 [[395 611]]

 [[394 610]]

 [[391 610]]

 [[390 609]]][[[388 610]]

 [[389 609]]

 [[390 609]]

 [[391 610]]

 [[394 610]]

 [[395 611]]

 [[397 611]]

 [[399 613]]

 [[399 615]]

 [[398 616]]

 [[398 617]]

 [[396 619]]

 [[394 619]]

 [[393 618]]

 [[391 618]]

 [[387 614]]

 [[387 613]]

 [[386 612]]

 [[386 611]]

 [[387 610]]][[[177 575]]

 [[175 577]]

 [[174 577]]

 [[172 579]]

 [[172 580]]

 [[171 581]]

 [[171 583]]

 [[172 584]]

 [[172 586]]

 [[173 587]]

 [[173 589]]

 [[174 590]]

 [[176 590]]

 [[177 589]]

 [[177 588]]

 [[176 587]]

 [[176 586]]

 [[175 585]]

 [[175 583]]

 [[174 582]]

 [[175 581]]

 [[175 580]]

 [[177 578]]

 [[181 578]]

 [[182 579]]

 [[184 579]]

 [[187 582]]

 [[188 582]]

 [[191 585]]

 [[191 586]]

 [[192 587]]

 [[192 589]]

 [[193 590]]

 [[193 594]]

 [[194 595]]

 [[194 596]]

 [[195 597]]

 [[196 597]]

 [[197 596]]

 [[197 593]]

 [[196 592]]

 [[196 582]]

 [[197 581]]

 [[197 580]]

 [[198 579]]

 [[198 577]]

 [[197 576]]

 [[196 576]]

 [[194 578]]

 [[194 580]]

 [[193 581]]

 [[191 581]]

 [[189 579]]

 [[188 579]]

 [[186 577]]

 [[185 577]]

 [[184 576]]

 [[182 576]]

 [[181 575]]][[[174 577]]

 [[175 577]]

 [[176 578]]

 [[176 579]]

 [[175 580]]

 [[175 581]]

 [[174 582]]

 [[175 583]]

 [[175 585]]

 [[176 586]]

 [[176 587]]

 [[177 588]]

 [[177 589]]

 [[176 590]]

 [[174 590]]

 [[173 589]]

 [[173 587]]

 [[172 586]]

 [[172 584]]

 [[171 583]]

 [[171 581]]

 [[172 580]]

 [[172 579]]][[[196 576]]

 [[197 576]]

 [[198 577]]

 [[198 579]]

 [[197 580]]

 [[197 581]]

 [[196 582]]

 [[196 592]]

 [[197 593]]

 [[197 596]]

 [[196 597]]

 [[195 597]]

 [[194 596]]

 [[194 595]]

 [[193 594]]

 [[193 590]]

 [[192 589]]

 [[192 587]]

 [[191 586]]

 [[191 585]]

 [[188 582]]

 [[187 582]]

 [[184 579]]

 [[186 577]]

 [[188 579]]

 [[189 579]]

 [[191 581]]

 [[193 581]]

 [[194 580]]

 [[194 578]]][[[183 576]]

 [[184 576]]

 [[185 577]]

 [[185 578]]

 [[184 579]]

 [[182 579]]

 [[181 578]]][[[177 575]]

 [[181 575]]

 [[182 576]]

 [[182 577]]

 [[181 578]]

 [[176 578]]

 [[175 577]]][[[395 546]]

 [[392 549]]

 [[392 554]]

 [[393 555]]

 [[393 562]]

 [[394 563]]

 [[394 566]]

 [[395 567]]

 [[397 567]]

 [[398 566]]

 [[398 563]]

 [[400 561]]

 [[401 561]]

 [[403 563]]

 [[404 563]]

 [[405 564]]

 [[406 564]]

 [[407 565]]

 [[408 565]]

 [[409 566]]

 [[417 566]]

 [[419 564]]

 [[419 563]]

 [[420 562]]

 [[420 554]]

 [[418 552]]

 [[415 552]]

 [[413 554]]

 [[413 558]]

 [[412 559]]

 [[409 559]]

 [[408 558]]

 [[407 558]]

 [[405 556]]

 [[404 556]]

 [[399 551]]

 [[399 550]]

 [[398 549]]

 [[398 548]]

 [[396 546]]][[[395 546]]

 [[396 546]]

 [[398 548]]

 [[398 549]]

 [[399 550]]

 [[399 551]]

 [[404 556]]

 [[405 556]]

 [[407 558]]

 [[408 558]]

 [[409 559]]

 [[412 559]]

 [[413 558]]

 [[413 554]]

 [[415 552]]

 [[418 552]]

 [[420 554]]

 [[420 562]]

 [[419 563]]

 [[419 564]]

 [[417 566]]

 [[409 566]]

 [[408 565]]

 [[407 565]]

 [[406 564]]

 [[405 564]]

 [[404 563]]

 [[403 563]]

 [[401 561]]

 [[400 561]]

 [[398 563]]

 [[398 566]]

 [[397 567]]

 [[395 567]]

 [[394 566]]

 [[394 563]]

 [[393 562]]

 [[393 555]]

 [[392 554]]

 [[392 549]]][[[183 538]]

 [[181 540]]

 [[180 540]]

 [[179 541]]

 [[178 541]]

 [[177 542]]

 [[177 543]]

 [[176 544]]

 [[176 546]]

 [[177 547]]

 [[177 548]]

 [[178 549]]

 [[178 550]]

 [[180 552]]

 [[181 552]]

 [[182 553]]

 [[183 553]]

 [[184 554]]

 [[186 554]]

 [[187 553]]

 [[190 553]]

 [[191 554]]

 [[192 553]]

 [[194 553]]

 [[196 551]]

 [[196 550]]

 [[195 549]]

 [[195 548]]

 [[196 547]]

 [[196 546]]

 [[195 545]]

 [[195 544]]

 [[194 543]]

 [[193 543]]

 [[192 542]]

 [[192 541]]

 [[190 539]]

 [[189 539]]

 [[188 538]]

 [[186 538]]

 [[185 539]]

 [[184 539]]][[[190 553]]

 [[191 552]]

 [[192 553]]

 [[191 554]]][[[185 551]]

 [[187 553]]

 [[186 554]]

 [[184 554]]

 [[183 553]]][[[183 550]]

 [[184 551]]

 [[184 552]]

 [[183 553]]

 [[182 553]]

 [[181 552]]][[[194 549]]

 [[195 549]]

 [[196 550]]

 [[196 551]]

 [[194 553]]

 [[192 553]]

 [[191 552]]][[[193 546]]

 [[194 545]]

 [[195 545]]

 [[196 546]]

 [[196 547]]

 [[195 548]]

 [[194 548]]

 [[193 547]]][[[192 544]]

 [[193 543]]

 [[194 543]]

 [[195 544]]

 [[193 546]]

 [[192 545]]][[[191 543]]

 [[192 542]]

 [[193 543]]

 [[192 544]]][[[177 542]]

 [[178 541]]

 [[179 541]]

 [[180 542]]

 [[180 547]]

 [[181 548]]

 [[181 549]]

 [[182 550]]

 [[182 551]]

 [[181 552]]

 [[180 552]]

 [[178 550]]

 [[178 549]]

 [[177 548]]

 [[177 547]]

 [[176 546]]

 [[176 544]]

 [[177 543]]][[[183 541]]

 [[184 540]]

 [[185 540]]

 [[186 541]]

 [[188 541]]

 [[190 543]]

 [[191 543]]

 [[192 544]]

 [[192 545]]

 [[193 546]]

 [[193 547]]

 [[194 548]]

 [[194 549]]

 [[190 553]]

 [[187 553]]

 [[185 551]]

 [[184 551]]

 [[183 550]]

 [[182 550]]

 [[181 549]]

 [[181 548]]

 [[180 547]]

 [[180 543]]

 [[182 541]]][[[179 541]]

 [[180 540]]

 [[181 540]]

 [[182 541]]

 [[181 542]]

 [[180 542]]][[[190 539]]

 [[192 541]]

 [[192 542]]

 [[191 543]]

 [[190 543]]

 [[188 541]]][[[185 539]]

 [[186 538]]

 [[188 538]]

 [[189 539]]

 [[189 540]]

 [[188 541]]

 [[186 541]]

 [[185 540]]][[[183 538]]

 [[184 539]]

 [[184 540]]

 [[183 541]]

 [[182 541]]

 [[181 540]]][[[174 506]]

 [[173 507]]

 [[173 508]]

 [[172 509]]

 [[173 510]]

 [[176 510]]

 [[178 508]]

 [[180 510]]

 [[188 510]]

 [[189 509]]

 [[191 511]]

 [[193 511]]

 [[194 510]]

 [[196 512]]

 [[199 512]]

 [[200 511]]

 [[200 510]]

 [[199 509]]

 [[196 509]]

 [[195 510]]

 [[194 510]]

 [[192 508]]

 [[191 508]]

 [[190 509]]

 [[189 509]]

 [[187 507]]

 [[180 507]]

 [[179 508]]

 [[178 508]]

 [[176 506]]][[[195 510]]

 [[196 509]]

 [[199 509]]

 [[200 510]]

 [[200 511]]

 [[199 512]]

 [[196 512]]

 [[195 511]]][[[190 509]]

 [[191 508]]

 [[192 508]]

 [[194 510]]

 [[193 511]]

 [[191 511]]

 [[190 510]]][[[179 508]]

 [[180 507]]

 [[187 507]]

 [[189 509]]

 [[188 510]]

 [[180 510]]

 [[179 509]]][[[173 507]]

 [[174 506]]

 [[176 506]]

 [[178 508]]

 [[176 510]]

 [[173 510]]

 [[172 509]]

 [[173 508]]][[[396 486]]

 [[393 489]]

 [[393 496]]

 [[394 497]]

 [[394 502]]

 [[393 503]]

 [[392 503]]

 [[391 502]]

 [[388 502]]

 [[387 501]]

 [[385 501]]

 [[384 500]]

 [[380 500]]

 [[378 502]]

 [[378 505]]

 [[379 506]]

 [[382 506]]

 [[383 507]]

 [[386 507]]

 [[387 508]]

 [[389 508]]

 [[390 509]]

 [[393 509]]

 [[394 510]]

 [[395 510]]

 [[397 512]]

 [[397 515]]

 [[398 516]]

 [[398 518]]

 [[399 519]]

 [[401 519]]

 [[402 518]]

 [[402 514]]

 [[403 513]]

 [[406 513]]

 [[407 514]]

 [[408 514]]

 [[409 515]]

 [[414 515]]

 [[415 514]]

 [[415 513]]

 [[416 512]]

 [[416 511]]

 [[417 510]]

 [[418 510]]

 [[420 508]]

 [[420 505]]

 [[418 503]]

 [[417 503]]

 [[415 501]]

 [[414 501]]

 [[409 496]]

 [[408 496]]

 [[398 486]]][[[396 486]]

 [[398 486]]

 [[408 496]]

 [[409 496]]

 [[414 501]]

 [[415 501]]

 [[417 503]]

 [[418 503]]

 [[420 505]]

 [[420 508]]

 [[418 510]]

 [[417 510]]

 [[416 511]]

 [[416 512]]

 [[415 513]]

 [[415 514]]

 [[414 515]]

 [[409 515]]

 [[408 514]]

 [[407 514]]

 [[406 513]]

 [[403 513]]

 [[402 514]]

 [[402 518]]

 [[401 519]]

 [[399 519]]

 [[398 518]]

 [[398 516]]

 [[397 515]]

 [[397 512]]

 [[395 510]]

 [[394 510]]

 [[393 509]]

 [[390 509]]

 [[389 508]]

 [[387 508]]

 [[386 507]]

 [[383 507]]

 [[382 506]]

 [[379 506]]

 [[378 505]]

 [[378 502]]

 [[380 500]]

 [[384 500]]

 [[385 501]]

 [[387 501]]

 [[388 502]]

 [[391 502]]

 [[392 503]]

 [[393 503]]

 [[394 502]]

 [[394 497]]

 [[393 496]]

 [[393 489]]][[[401 499]]

 [[400 500]]

 [[401 501]]

 [[401 504]]

 [[403 506]]

 [[405 506]]

 [[406 507]]

 [[408 507]]

 [[409 506]]

 [[409 505]]

 [[403 499]]][[[403 499]]

 [[409 505]]

 [[409 506]]

 [[408 507]]

 [[406 507]]

 [[405 506]]

 [[403 506]]

 [[401 504]]

 [[401 501]]][[[400 500]]

 [[401 499]]

 [[402 500]]

 [[401 501]]][[[  0 471]]

 [[  0 472]]

 [[  1 471]]

 [[  3 471]]

 [[  4 472]]

 [[  3 473]]

 [[  3 474]]

 [[  2 475]]

 [[  1 474]]

 [[  0 474]]

 [[  0 475]]

 [[  1 474]]

 [[  3 476]]

 [[  4 475]]

 [[  3 474]]

 [[  3 473]]

 [[  4 472]]

 [[  3 471]]][[[  2 475]]

 [[  3 474]]

 [[  4 475]]

 [[  3 476]]][[[174 469]]

 [[172 471]]

 [[172 478]]

 [[171 479]]

 [[171 486]]

 [[172 487]]

 [[174 487]]

 [[176 485]]

 [[176 480]]

 [[177 479]]

 [[177 477]]

 [[178 476]]

 [[180 476]]

 [[181 477]]

 [[182 477]]

 [[183 478]]

 [[184 478]]

 [[185 479]]

 [[186 479]]

 [[187 480]]

 [[189 480]]

 [[190 481]]

 [[191 481]]

 [[192 482]]

 [[194 482]]

 [[195 483]]

 [[197 483]]

 [[199 485]]

 [[202 485]]

 [[203 484]]

 [[203 482]]

 [[200 479]]

 [[199 479]]

 [[198 478]]

 [[195 478]]

 [[194 477]]

 [[192 477]]

 [[191 476]]

 [[189 476]]

 [[188 475]]

 [[185 475]]

 [[184 474]]

 [[182 474]]

 [[181 473]]

 [[180 473]]

 [[179 472]]

 [[178 472]]

 [[175 469]]][[[174 469]]

 [[175 469]]

 [[178 472]]

 [[179 472]]

 [[180 473]]

 [[181 473]]

 [[182 474]]

 [[184 474]]

 [[185 475]]

 [[188 475]]

 [[189 476]]

 [[191 476]]

 [[192 477]]

 [[194 477]]

 [[195 478]]

 [[198 478]]

 [[199 479]]

 [[200 479]]

 [[203 482]]

 [[203 484]]

 [[202 485]]

 [[199 485]]

 [[197 483]]

 [[195 483]]

 [[194 482]]

 [[192 482]]

 [[191 481]]

 [[190 481]]

 [[189 480]]

 [[187 480]]

 [[186 479]]

 [[185 479]]

 [[184 478]]

 [[183 478]]

 [[182 477]]

 [[181 477]]

 [[180 476]]

 [[178 476]]

 [[177 477]]

 [[177 479]]

 [[176 480]]

 [[176 485]]

 [[174 487]]

 [[172 487]]

 [[171 486]]

 [[171 479]]

 [[172 478]]

 [[172 471]]][[[  4 453]]

 [[  2 455]]

 [[  0 455]]

 [[  0 456]]

 [[  1 455]]

 [[  4 458]]

 [[  3 459]]

 [[  0 459]]

 [[  0 460]]

 [[  1 459]]

 [[  3 459]]

 [[  4 458]]

 [[  3 457]]

 [[  4 456]]

 [[  5 456]]

 [[  6 455]]

 [[  6 454]]

 [[  5 453]]][[[  2 456]]

 [[  3 455]]

 [[  4 456]]

 [[  3 457]]][[[  3 454]]

 [[  4 453]]

 [[  5 453]]

 [[  6 454]]

 [[  6 455]]

 [[  5 456]]

 [[  4 456]]

 [[  3 455]]][[[  0 443]]

 [[  0 444]]

 [[  1 444]]

 [[  2 445]]

 [[  2 446]]

 [[  1 447]]

 [[  0 447]]

 [[  0 448]]

 [[  2 446]]

 [[  2 445]]][[[  4 440]]

 [[  6 440]]][[[382 428]]

 [[381 429]]

 [[380 429]]

 [[377 432]]

 [[377 439]]

 [[378 440]]

 [[378 444]]

 [[379 445]]

 [[379 449]]

 [[380 450]]

 [[380 453]]

 [[381 454]]

 [[382 454]]

 [[384 452]]

 [[384 441]]

 [[383 440]]

 [[383 437]]

 [[384 436]]

 [[386 436]]

 [[387 437]]

 [[388 437]]

 [[389 438]]

 [[390 438]]

 [[391 439]]

 [[392 439]]

 [[396 443]]

 [[396 444]]

 [[397 445]]

 [[397 448]]

 [[398 449]]

 [[398 453]]

 [[399 454]]

 [[399 455]]

 [[400 456]]

 [[401 456]]

 [[403 454]]

 [[403 448]]

 [[404 447]]

 [[405 447]]

 [[406 448]]

 [[409 448]]

 [[411 450]]

 [[411 453]]

 [[412 454]]

 [[414 454]]

 [[415 453]]

 [[415 452]]

 [[416 451]]

 [[416 443]]

 [[415 442]]

 [[415 437]]

 [[412 434]]

 [[409 437]]

 [[409 440]]

 [[408 441]]

 [[407 441]]

 [[406 440]]

 [[405 440]]

 [[404 439]]

 [[403 439]]

 [[402 438]]

 [[401 438]]

 [[400 437]]

 [[399 437]]

 [[398 436]]

 [[397 436]]

 [[395 434]]

 [[394 434]]

 [[393 433]]

 [[392 433]]

 [[391 432]]

 [[390 432]]

 [[389 431]]

 [[388 431]]

 [[387 430]]

 [[386 430]]

 [[385 429]]

 [[383 429]]][[[381 429]]

 [[382 428]]

 [[383 429]]

 [[385 429]]

 [[386 430]]

 [[387 430]]

 [[388 431]]

 [[389 431]]

 [[390 432]]

 [[391 432]]

 [[392 433]]

 [[393 433]]

 [[394 434]]

 [[395 434]]

 [[397 436]]

 [[398 436]]

 [[399 437]]

 [[400 437]]

 [[401 438]]

 [[402 438]]

 [[403 439]]

 [[404 439]]

 [[405 440]]

 [[406 440]]

 [[407 441]]

 [[408 441]]

 [[409 440]]

 [[409 437]]

 [[412 434]]

 [[415 437]]

 [[415 442]]

 [[416 443]]

 [[416 451]]

 [[415 452]]

 [[415 453]]

 [[414 454]]

 [[412 454]]

 [[411 453]]

 [[411 450]]

 [[409 448]]

 [[406 448]]

 [[405 447]]

 [[404 447]]

 [[403 448]]

 [[403 454]]

 [[401 456]]

 [[400 456]]

 [[399 455]]

 [[399 454]]

 [[398 453]]

 [[398 449]]

 [[397 448]]

 [[397 445]]

 [[396 444]]

 [[396 443]]

 [[392 439]]

 [[391 439]]

 [[390 438]]

 [[389 438]]

 [[388 437]]

 [[387 437]]

 [[386 436]]

 [[384 436]]

 [[383 437]]

 [[383 440]]

 [[384 441]]

 [[384 452]]

 [[382 454]]

 [[381 454]]

 [[380 453]]

 [[380 450]]

 [[379 449]]

 [[379 445]]

 [[378 444]]

 [[378 440]]

 [[377 439]]

 [[377 432]]

 [[380 429]]][[[380 383]]

 [[379 384]]

 [[379 385]]

 [[378 386]]

 [[378 392]]

 [[379 393]]

 [[379 407]]

 [[380 408]]

 [[381 408]]

 [[383 406]]

 [[383 402]]

 [[384 401]]

 [[384 392]]

 [[385 391]]

 [[386 391]]

 [[387 392]]

 [[388 392]]

 [[392 396]]

 [[392 398]]

 [[391 399]]

 [[391 402]]

 [[392 403]]

 [[392 410]]

 [[393 411]]

 [[395 411]]

 [[396 410]]

 [[396 408]]

 [[397 407]]

 [[397 400]]

 [[398 399]]

 [[399 399]]

 [[401 401]]

 [[402 401]]

 [[404 403]]

 [[407 403]]

 [[409 405]]

 [[409 414]]

 [[410 415]]

 [[412 415]]

 [[414 413]]

 [[414 397]]

 [[413 396]]

 [[413 393]]

 [[411 391]]

 [[409 391]]

 [[407 393]]

 [[407 395]]

 [[406 396]]

 [[405 396]]

 [[403 394]]

 [[402 394]]

 [[401 393]]

 [[400 393]]

 [[398 391]]

 [[397 391]]

 [[395 389]]

 [[394 389]]

 [[392 387]]

 [[391 387]]

 [[390 386]]

 [[389 386]]

 [[388 385]]

 [[387 385]]

 [[386 384]]

 [[385 384]]

 [[384 383]]][[[379 384]]

 [[380 383]]

 [[384 383]]

 [[385 384]]

 [[386 384]]

 [[387 385]]

 [[388 385]]

 [[389 386]]

 [[390 386]]

 [[391 387]]

 [[392 387]]

 [[394 389]]

 [[395 389]]

 [[397 391]]

 [[398 391]]

 [[400 393]]

 [[401 393]]

 [[402 394]]

 [[403 394]]

 [[405 396]]

 [[406 396]]

 [[407 395]]

 [[407 393]]

 [[409 391]]

 [[411 391]]

 [[413 393]]

 [[413 396]]

 [[414 397]]

 [[414 413]]

 [[412 415]]

 [[410 415]]

 [[409 414]]

 [[409 405]]

 [[407 403]]

 [[404 403]]

 [[402 401]]

 [[401 401]]

 [[399 399]]

 [[398 399]]

 [[397 400]]

 [[397 407]]

 [[396 408]]

 [[396 410]]

 [[395 411]]

 [[393 411]]

 [[392 410]]

 [[392 403]]

 [[391 402]]

 [[391 399]]

 [[392 398]]

 [[392 396]]

 [[388 392]]

 [[387 392]]

 [[386 391]]

 [[385 391]]

 [[384 392]]

 [[384 401]]

 [[383 402]]

 [[383 406]]

 [[381 408]]

 [[380 408]]

 [[379 407]]

 [[379 393]]

 [[378 392]]

 [[378 386]]

 [[379 385]]][[[  0 380]]

 [[  0 381]]

 [[  1 382]]

 [[  0 383]]

 [[  1 382]]

 [[  0 381]]][[[276 375]]

 [[274 377]]

 [[274 378]]

 [[273 379]]

 [[273 380]]

 [[272 381]]

 [[269 381]]

 [[268 380]]

 [[269 379]]

 [[268 378]]

 [[267 378]]

 [[266 379]]

 [[266 380]]

 [[268 382]]

 [[268 386]]

 [[267 387]]

 [[267 388]]

 [[265 390]]

 [[265 391]]

 [[264 392]]

 [[265 393]]

 [[266 392]]

 [[266 391]]

 [[268 389]]

 [[269 389]]

 [[270 388]]

 [[271 388]]

 [[272 389]]

 [[272 390]]

 [[273 391]]

 [[273 392]]

 [[274 393]]

 [[274 394]]

 [[275 395]]

 [[276 395]]

 [[277 394]]

 [[277 393]]

 [[276 392]]

 [[275 392]]

 [[274 391]]

 [[274 390]]

 [[273 389]]

 [[273 388]]

 [[272 387]]

 [[273 386]]

 [[273 384]]

 [[272 383]]

 [[274 381]]

 [[275 381]]

 [[276 380]]

 [[276 379]]

 [[278 377]]

 [[278 376]]

 [[277 375]]][[[274 393]]

 [[275 392]]

 [[276 392]]

 [[277 393]]

 [[277 394]]

 [[276 395]]

 [[275 395]]

 [[274 394]]][[[273 392]]

 [[274 391]]

 [[275 392]]

 [[274 393]]][[[264 392]]

 [[265 391]]

 [[266 392]]

 [[265 393]]][[[272 390]]

 [[273 389]]

 [[274 390]]

 [[273 391]]][[[265 390]]

 [[266 389]]

 [[267 390]]

 [[266 391]]][[[266 389]]

 [[267 388]]

 [[268 389]]

 [[267 390]]][[[271 388]]

 [[272 387]]

 [[273 388]]

 [[272 389]]][[[271 382]]

 [[272 381]]

 [[273 382]]

 [[272 383]]][[[268 382]]

 [[269 381]]

 [[270 381]]

 [[273 384]]

 [[273 386]]

 [[271 388]]

 [[270 388]]

 [[269 389]]

 [[268 389]]

 [[267 388]]

 [[267 387]]

 [[268 386]]][[[272 381]]

 [[273 380]]

 [[274 381]]

 [[273 382]]][[[267 381]]

 [[268 380]]

 [[269 381]]

 [[268 382]]][[[273 379]]

 [[274 378]]

 [[276 380]]

 [[275 381]]

 [[274 381]]

 [[273 380]]][[[266 379]]

 [[267 378]]

 [[268 378]]

 [[269 379]]

 [[267 381]]

 [[266 380]]][[[276 375]]

 [[277 375]]

 [[278 376]]

 [[278 377]]

 [[276 379]]

 [[275 379]]

 [[274 378]]

 [[274 377]]][[[320 373]]

 [[317 376]]

 [[317 377]]

 [[316 378]]

 [[316 379]]

 [[314 381]]

 [[314 382]]

 [[312 384]]

 [[312 385]]

 [[311 386]]

 [[309 386]]

 [[308 385]]

 [[308 384]]

 [[306 382]]

 [[306 381]]

 [[304 379]]

 [[304 378]]

 [[304 379]]

 [[303 380]]

 [[304 381]]

 [[304 382]]

 [[307 385]]

 [[308 385]]

 [[309 386]]

 [[309 387]]

 [[310 388]]

 [[310 389]]

 [[308 391]]

 [[308 392]]

 [[306 394]]

 [[306 395]]

 [[305 396]]

 [[305 397]]

 [[304 398]]

 [[304 399]]

 [[303 400]]

 [[303 401]]

 [[302 402]]

 [[302 403]]

 [[300 405]]

 [[301 406]]

 [[303 404]]

 [[303 403]]

 [[304 402]]

 [[304 401]]

 [[305 400]]

 [[305 399]]

 [[306 398]]

 [[306 397]]

 [[308 395]]

 [[308 394]]

 [[310 392]]

 [[310 391]]

 [[313 388]]

 [[312 387]]

 [[314 385]]

 [[314 384]]

 [[315 383]]

 [[315 382]]

 [[317 380]]

 [[317 379]]

 [[318 378]]

 [[319 378]]

 [[322 375]]

 [[322 374]]

 [[321 373]]][[[300 405]]

 [[301 404]]

 [[302 405]]

 [[301 406]]][[[301 404]]

 [[302 403]]

 [[303 404]]

 [[302 405]]][[[302 402]]

 [[303 401]]

 [[304 402]]

 [[303 403]]][[[303 400]]

 [[304 399]]

 [[305 400]]

 [[304 401]]][[[304 398]]

 [[305 397]]

 [[306 398]]

 [[305 399]]][[[305 396]]

 [[306 395]]

 [[307 396]]

 [[306 397]]][[[306 394]]

 [[307 393]]

 [[308 394]]

 [[308 395]]

 [[307 396]]

 [[306 395]]][[[307 393]]

 [[308 392]]

 [[309 393]]

 [[308 394]]][[[308 391]]

 [[309 390]]

 [[310 391]]

 [[310 392]]

 [[309 393]]

 [[308 392]]][[[309 390]]

 [[310 389]]

 [[311 390]]

 [[310 391]]][[[309 387]]

 [[310 386]]

 [[311 386]]

 [[313 388]]

 [[311 390]]

 [[310 389]]

 [[310 388]]][[[311 386]]

 [[312 385]]

 [[313 386]]

 [[312 387]]][[[312 384]]

 [[313 383]]

 [[314 384]]

 [[314 385]]

 [[313 386]]

 [[312 385]]][[[306 384]]

 [[307 383]]

 [[308 384]]

 [[307 385]]][[[313 383]]

 [[314 382]]

 [[315 383]]

 [[314 384]]][[[305 383]]

 [[306 382]]

 [[307 383]]

 [[306 384]]][[[314 381]]

 [[315 380]]

 [[316 381]]

 [[315 382]]][[[304 381]]

 [[305 380]]

 [[306 381]]

 [[306 382]]

 [[305 383]]

 [[304 382]]][[[315 380]]

 [[316 379]]

 [[317 380]]

 [[316 381]]][[[303 380]]

 [[304 379]]

 [[305 380]]

 [[304 381]]][[[316 378]]

 [[317 377]]

 [[318 378]]

 [[317 379]]][[[320 373]]

 [[321 373]]

 [[322 374]]

 [[322 375]]

 [[319 378]]

 [[318 378]]

 [[317 377]]

 [[317 376]]][[[232 373]]

 [[231 374]]

 [[227 374]]

 [[226 375]]

 [[226 376]]

 [[225 377]]

 [[227 379]]

 [[232 379]]

 [[233 378]]

 [[237 378]]

 [[239 380]]

 [[239 382]]

 [[238 383]]

 [[238 384]]

 [[237 385]]

 [[237 386]]

 [[236 387]]

 [[236 388]]

 [[235 389]]

 [[235 390]]

 [[234 391]]

 [[234 394]]

 [[233 395]]

 [[233 396]]

 [[232 397]]

 [[232 398]]

 [[231 399]]

 [[231 400]]

 [[230 401]]

 [[230 404]]

 [[229 405]]

 [[229 407]]

 [[230 408]]

 [[232 408]]

 [[233 407]]

 [[235 407]]

 [[236 406]]

 [[236 404]]

 [[237 403]]

 [[237 402]]

 [[238 401]]

 [[238 399]]

 [[239 398]]

 [[239 396]]

 [[240 395]]

 [[240 393]]

 [[241 392]]

 [[241 390]]

 [[242 389]]

 [[242 388]]

 [[243 387]]

 [[243 386]]

 [[244 385]]

 [[244 384]]

 [[245 383]]

 [[245 382]]

 [[247 380]]

 [[247 379]]

 [[248 378]]

 [[248 377]]

 [[245 374]]

 [[244 374]]

 [[243 373]]][[[231 374]]

 [[232 373]]

 [[243 373]]

 [[244 374]]

 [[245 374]]

 [[248 377]]

 [[248 378]]

 [[247 379]]

 [[247 380]]

 [[245 382]]

 [[245 383]]

 [[244 384]]

 [[244 385]]

 [[243 386]]

 [[243 387]]

 [[242 388]]

 [[242 389]]

 [[241 390]]

 [[241 392]]

 [[240 393]]

 [[240 395]]

 [[239 396]]

 [[239 398]]

 [[238 399]]

 [[238 401]]

 [[237 402]]

 [[237 403]]

 [[236 404]]

 [[236 406]]

 [[235 407]]

 [[233 407]]

 [[232 408]]

 [[230 408]]

 [[229 407]]

 [[229 405]]

 [[230 404]]

 [[230 401]]

 [[231 400]]

 [[231 399]]

 [[232 398]]

 [[232 397]]

 [[233 396]]

 [[233 395]]

 [[234 394]]

 [[234 391]]

 [[235 390]]

 [[235 389]]

 [[236 388]]

 [[236 387]]

 [[237 386]]

 [[237 385]]

 [[238 384]]

 [[238 383]]

 [[239 382]]

 [[239 380]]

 [[237 378]]

 [[233 378]]

 [[232 379]]

 [[227 379]]

 [[225 377]]

 [[226 376]]

 [[226 375]]

 [[227 374]]][[[113 359]]

 [[110 362]]

 [[109 362]]

 [[105 366]]

 [[104 366]]

 [[101 369]]

 [[101 371]]

 [[105 375]]

 [[105 379]]

 [[104 380]]

 [[104 398]]

 [[107 401]]

 [[111 401]]

 [[116 396]]

 [[116 395]]

 [[123 388]]

 [[123 385]]

 [[121 383]]

 [[119 383]]

 [[118 382]]

 [[121 379]]

 [[121 378]]

 [[123 376]]

 [[123 375]]

 [[124 374]]

 [[124 373]]

 [[121 370]]

 [[118 373]]

 [[117 373]]

 [[114 376]]

 [[113 376]]

 [[112 375]]

 [[112 374]]

 [[113 373]]

 [[113 371]]

 [[112 370]]

 [[112 369]]

 [[117 364]]

 [[117 361]]

 [[115 359]]][[[117 383]]

 [[118 382]]

 [[119 383]]

 [[118 384]]][[[113 359]]

 [[115 359]]

 [[117 361]]

 [[117 364]]

 [[112 369]]

 [[112 370]]

 [[113 371]]

 [[113 373]]

 [[112 374]]

 [[112 375]]

 [[113 376]]

 [[114 376]]

 [[117 373]]

 [[118 373]]

 [[121 370]]

 [[124 373]]

 [[124 374]]

 [[123 375]]

 [[123 376]]

 [[121 378]]

 [[121 379]]

 [[117 383]]

 [[118 384]]

 [[119 383]]

 [[121 383]]

 [[123 385]]

 [[123 388]]

 [[116 395]]

 [[116 396]]

 [[111 401]]

 [[107 401]]

 [[104 398]]

 [[104 380]]

 [[105 379]]

 [[105 375]]

 [[101 371]]

 [[101 369]]

 [[104 366]]

 [[105 366]]

 [[109 362]]

 [[110 362]]][[[112 385]]

 [[111 386]]

 [[111 388]]

 [[112 389]]

 [[113 389]]

 [[114 388]]

 [[114 386]]

 [[113 385]]][[[111 386]]

 [[112 385]]

 [[113 385]]

 [[114 386]]

 [[114 388]]

 [[113 389]]

 [[112 389]]

 [[111 388]]][[[139 348]]

 [[138 349]]

 [[137 349]]

 [[131 355]]

 [[131 356]]

 [[130 357]]

 [[130 360]]

 [[132 362]]

 [[132 367]]

 [[131 368]]

 [[131 376]]

 [[130 377]]

 [[130 381]]

 [[131 382]]

 [[131 383]]

 [[133 385]]

 [[139 385]]

 [[141 383]]

 [[142 383]]

 [[149 376]]

 [[149 373]]

 [[148 372]]

 [[146 372]]

 [[145 373]]

 [[144 373]]

 [[142 375]]

 [[141 375]]

 [[139 377]]

 [[138 377]]

 [[137 376]]

 [[137 374]]

 [[141 370]]

 [[141 369]]

 [[152 358]]

 [[152 356]]

 [[150 354]]

 [[149 355]]

 [[148 355]]

 [[147 356]]

 [[146 356]]

 [[145 357]]

 [[144 357]]

 [[142 359]]

 [[140 359]]

 [[139 358]]

 [[139 356]]

 [[142 353]]

 [[142 350]]

 [[140 348]]][[[138 349]]

 [[139 348]]

 [[140 348]]

 [[142 350]]

 [[142 353]]

 [[139 356]]

 [[139 358]]

 [[140 359]]

 [[142 359]]

 [[144 357]]

 [[145 357]]

 [[146 356]]

 [[147 356]]

 [[148 355]]

 [[149 355]]

 [[150 354]]

 [[152 356]]

 [[152 358]]

 [[141 369]]

 [[141 370]]

 [[137 374]]

 [[137 376]]

 [[138 377]]

 [[139 377]]

 [[141 375]]

 [[142 375]]

 [[144 373]]

 [[145 373]]

 [[146 372]]

 [[148 372]]

 [[149 373]]

 [[149 376]]

 [[142 383]]

 [[141 383]]

 [[139 385]]

 [[133 385]]

 [[131 383]]

 [[131 382]]

 [[130 381]]

 [[130 377]]

 [[131 376]]

 [[131 368]]

 [[132 367]]

 [[132 362]]

 [[130 360]]

 [[130 357]]

 [[131 356]]

 [[131 355]]

 [[137 349]]][[[178 319]]

 [[176 321]]

 [[176 323]]

 [[175 324]]

 [[175 327]]

 [[174 328]]

 [[174 331]]

 [[173 332]]

 [[173 335]]

 [[172 336]]

 [[172 338]]

 [[171 339]]

 [[171 341]]

 [[170 342]]

 [[170 346]]

 [[173 349]]

 [[177 349]]

 [[178 348]]

 [[179 348]]

 [[180 347]]

 [[181 347]]

 [[183 345]]

 [[185 345]]

 [[186 346]]

 [[186 348]]

 [[187 349]]

 [[187 352]]

 [[188 353]]

 [[188 354]]

 [[189 355]]

 [[189 357]]

 [[191 359]]

 [[194 359]]

 [[195 358]]

 [[195 355]]

 [[194 354]]

 [[194 352]]

 [[193 351]]

 [[193 349]]

 [[192 348]]

 [[192 345]]

 [[191 344]]

 [[191 342]]

 [[190 341]]

 [[190 340]]

 [[196 334]]

 [[196 333]]

 [[194 331]]

 [[192 331]]

 [[191 332]]

 [[189 332]]

 [[188 331]]

 [[188 329]]

 [[185 326]]

 [[184 326]]

 [[182 324]]

 [[182 322]]

 [[179 319]]][[[178 319]]

 [[179 319]]

 [[182 322]]

 [[182 324]]

 [[184 326]]

 [[185 326]]

 [[188 329]]

 [[188 331]]

 [[189 332]]

 [[191 332]]

 [[192 331]]

 [[194 331]]

 [[196 333]]

 [[196 334]]

 [[190 340]]

 [[190 341]]

 [[191 342]]

 [[191 344]]

 [[192 345]]

 [[192 348]]

 [[193 349]]

 [[193 351]]

 [[194 352]]

 [[194 354]]

 [[195 355]]

 [[195 358]]

 [[194 359]]

 [[191 359]]

 [[189 357]]

 [[189 355]]

 [[188 354]]

 [[188 353]]

 [[187 352]]

 [[187 349]]

 [[186 348]]

 [[186 346]]

 [[185 345]]

 [[183 345]]

 [[181 347]]

 [[180 347]]

 [[179 348]]

 [[178 348]]

 [[177 349]]

 [[173 349]]

 [[170 346]]

 [[170 342]]

 [[171 341]]

 [[171 339]]

 [[172 338]]

 [[172 336]]

 [[173 335]]

 [[173 332]]

 [[174 331]]

 [[174 328]]

 [[175 327]]

 [[175 324]]

 [[176 323]]

 [[176 321]]][[[181 331]]

 [[179 333]]

 [[179 335]]

 [[178 336]]

 [[178 339]]

 [[179 340]]

 [[180 340]]

 [[183 337]]

 [[183 334]]

 [[181 332]]][[[179 333]]

 [[180 332]]

 [[181 332]]

 [[183 334]]

 [[183 337]]

 [[180 340]]

 [[179 340]]

 [[178 339]]

 [[178 336]]

 [[179 335]]][[[224 295]]

 [[218 301]]

 [[218 303]]

 [[219 304]]

 [[224 304]]

 [[225 303]]

 [[226 303]]

 [[227 304]]

 [[227 308]]

 [[226 309]]

 [[226 314]]

 [[225 315]]

 [[225 317]]

 [[224 318]]

 [[224 319]]

 [[223 320]]

 [[224 321]]

 [[224 322]]

 [[225 323]]

 [[229 323]]

 [[232 320]]

 [[232 319]]

 [[240 311]]

 [[240 310]]

 [[238 308]]

 [[237 308]]

 [[236 309]]

 [[235 309]]

 [[234 310]]

 [[233 310]]

 [[232 309]]

 [[232 300]]

 [[231 299]]

 [[231 298]]

 [[229 296]]

 [[228 296]]

 [[227 295]]][[[224 295]]

 [[227 295]]

 [[228 296]]

 [[229 296]]

 [[231 298]]

 [[231 299]]

 [[232 300]]

 [[232 309]]

 [[233 310]]

 [[234 310]]

 [[235 309]]

 [[236 309]]

 [[237 308]]

 [[238 308]]

 [[240 310]]

 [[240 311]]

 [[232 319]]

 [[232 320]]

 [[229 323]]

 [[225 323]]

 [[224 322]]

 [[224 321]]

 [[223 320]]

 [[224 319]]

 [[224 318]]

 [[225 317]]

 [[225 315]]

 [[226 314]]

 [[226 309]]

 [[227 308]]

 [[227 304]]

 [[226 303]]

 [[225 303]]

 [[224 304]]

 [[219 304]]

 [[218 303]]

 [[218 301]]][[[266 260]]

 [[264 262]]

 [[264 263]]

 [[263 264]]

 [[263 268]]

 [[262 269]]

 [[262 290]]

 [[263 291]]

 [[263 298]]

 [[264 299]]

 [[264 301]]

 [[265 302]]

 [[265 303]]

 [[266 304]]

 [[266 305]]

 [[267 306]]

 [[268 306]]

 [[269 307]]

 [[273 307]]

 [[274 306]]

 [[275 306]]

 [[276 305]]

 [[276 304]]

 [[277 303]]

 [[277 301]]

 [[278 300]]

 [[278 296]]

 [[279 295]]

 [[279 293]]

 [[278 292]]

 [[278 289]]

 [[277 288]]

 [[277 287]]

 [[273 283]]

 [[271 283]]

 [[270 282]]

 [[269 282]]

 [[268 281]]

 [[268 270]]

 [[269 269]]

 [[269 266]]

 [[270 265]]

 [[270 263]]

 [[267 260]]][[[266 260]]

 [[267 260]]

 [[270 263]]

 [[270 265]]

 [[269 266]]

 [[269 269]]

 [[268 270]]

 [[268 281]]

 [[269 282]]

 [[270 282]]

 [[271 283]]

 [[273 283]]

 [[277 287]]

 [[277 288]]

 [[278 289]]

 [[278 292]]

 [[279 293]]

 [[279 295]]

 [[278 296]]

 [[278 300]]

 [[277 301]]

 [[277 303]]

 [[276 304]]

 [[276 305]]

 [[275 306]]

 [[274 306]]

 [[273 307]]

 [[269 307]]

 [[268 306]]

 [[267 306]]

 [[266 305]]

 [[266 304]]

 [[265 303]]

 [[265 302]]

 [[264 301]]

 [[264 299]]

 [[263 298]]

 [[263 291]]

 [[262 290]]

 [[262 269]]

 [[263 268]]

 [[263 264]]

 [[264 263]]

 [[264 262]]][[[269 287]]

 [[268 288]]

 [[268 297]]

 [[269 298]]

 [[269 300]]

 [[270 301]]

 [[271 301]]

 [[272 300]]

 [[272 299]]

 [[273 298]]

 [[273 297]]

 [[274 296]]

 [[274 291]]

 [[273 290]]

 [[273 289]]

 [[271 287]]][[[268 288]]

 [[269 287]]

 [[271 287]]

 [[273 289]]

 [[273 290]]

 [[274 291]]

 [[274 296]]

 [[273 297]]

 [[273 298]]

 [[272 299]]

 [[272 300]]

 [[271 301]]

 [[270 301]]

 [[269 300]]

 [[269 298]]

 [[268 297]]][[[431 258]]

 [[430 259]]

 [[426 259]]

 [[424 261]]

 [[424 262]]

 [[427 265]]

 [[428 265]]

 [[430 267]]

 [[430 268]]

 [[433 271]]

 [[433 272]]

 [[435 274]]

 [[435 275]]

 [[434 276]]

 [[433 276]]

 [[432 277]]

 [[427 277]]

 [[426 278]]

 [[422 278]]

 [[421 279]]

 [[415 279]]

 [[414 280]]

 [[409 280]]

 [[408 281]]

 [[406 281]]

 [[405 282]]

 [[401 282]]

 [[400 283]]

 [[399 283]]

 [[398 284]]

 [[398 288]]

 [[399 289]]

 [[400 289]]

 [[401 290]]

 [[402 290]]

 [[403 289]]

 [[405 289]]

 [[406 288]]

 [[407 288]]

 [[408 287]]

 [[411 287]]

 [[412 286]]

 [[416 286]]

 [[417 285]]

 [[418 285]]

 [[419 284]]

 [[423 284]]

 [[424 283]]

 [[430 283]]

 [[431 282]]

 [[445 282]]

 [[446 281]]

 [[446 279]]

 [[444 277]]

 [[444 276]]

 [[442 274]]

 [[442 273]]

 [[439 270]]

 [[439 269]]

 [[436 266]]

 [[436 265]]

 [[435 264]]

 [[435 263]]

 [[434 262]]

 [[434 261]]][[[430 259]]

 [[431 258]]

 [[434 261]]

 [[434 262]]

 [[435 263]]

 [[435 264]]

 [[436 265]]

 [[436 266]]

 [[439 269]]

 [[439 270]]

 [[442 273]]

 [[442 274]]

 [[444 276]]

 [[444 277]]

 [[446 279]]

 [[446 281]]

 [[445 282]]

 [[431 282]]

 [[430 283]]

 [[424 283]]

 [[423 284]]

 [[419 284]]

 [[418 285]]

 [[417 285]]

 [[416 286]]

 [[412 286]]

 [[411 287]]

 [[408 287]]

 [[407 288]]

 [[406 288]]

 [[405 289]]

 [[403 289]]

 [[402 290]]

 [[401 290]]

 [[400 289]]

 [[399 289]]

 [[398 288]]

 [[398 284]]

 [[399 283]]

 [[400 283]]

 [[401 282]]

 [[405 282]]

 [[406 281]]

 [[408 281]]

 [[409 280]]

 [[414 280]]

 [[415 279]]

 [[421 279]]

 [[422 278]]

 [[426 278]]

 [[427 277]]

 [[432 277]]

 [[433 276]]

 [[434 276]]

 [[435 275]]

 [[435 274]]

 [[433 272]]

 [[433 271]]

 [[430 268]]

 [[430 267]]

 [[428 265]]

 [[427 265]]

 [[424 262]]

 [[424 261]]

 [[426 259]]][[[303 236]]

 [[301 238]]

 [[301 242]]

 [[300 243]]

 [[300 248]]

 [[299 249]]

 [[299 255]]

 [[298 256]]

 [[298 272]]

 [[299 273]]

 [[299 276]]

 [[300 277]]

 [[300 279]]

 [[304 283]]

 [[305 283]]

 [[306 284]]

 [[309 284]]

 [[312 281]]

 [[312 278]]

 [[313 277]]

 [[313 269]]

 [[312 268]]

 [[312 266]]

 [[307 261]]

 [[305 261]]

 [[304 260]]

 [[304 255]]

 [[305 254]]

 [[305 249]]

 [[306 248]]

 [[306 244]]

 [[307 243]]

 [[307 239]]

 [[304 236]]][[[303 236]]

 [[304 236]]

 [[307 239]]

 [[307 243]]

 [[306 244]]

 [[306 248]]

 [[305 249]]

 [[305 254]]

 [[304 255]]

 [[304 260]]

 [[305 261]]

 [[307 261]]

 [[312 266]]

 [[312 268]]

 [[313 269]]

 [[313 277]]

 [[312 278]]

 [[312 281]]

 [[309 284]]

 [[306 284]]

 [[305 283]]

 [[304 283]]

 [[300 279]]

 [[300 277]]

 [[299 276]]

 [[299 273]]

 [[298 272]]

 [[298 256]]

 [[299 255]]

 [[299 249]]

 [[300 248]]

 [[300 243]]

 [[301 242]]

 [[301 238]]][[[305 265]]

 [[303 267]]

 [[303 270]]

 [[304 271]]

 [[304 275]]

 [[305 276]]

 [[306 276]]

 [[307 275]]

 [[307 274]]

 [[308 273]]

 [[308 269]]

 [[307 268]]

 [[307 267]]][[[305 265]]

 [[307 267]]

 [[307 268]]

 [[308 269]]

 [[308 273]]

 [[307 274]]

 [[307 275]]

 [[306 276]]

 [[305 276]]

 [[304 275]]

 [[304 271]]

 [[303 270]]

 [[303 267]]][[[137 179]]

 [[136 180]]

 [[136 183]]

 [[137 184]]

 [[137 187]]

 [[136 188]]

 [[136 189]]

 [[134 191]]

 [[134 192]]

 [[133 193]]

 [[133 194]]

 [[131 196]]

 [[131 197]]

 [[130 198]]

 [[130 199]]

 [[129 200]]

 [[129 201]]

 [[128 202]]

 [[128 203]]

 [[126 205]]

 [[126 208]]

 [[127 209]]

 [[128 209]]

 [[129 210]]

 [[130 210]]

 [[131 209]]

 [[135 209]]

 [[136 208]]

 [[140 208]]

 [[141 209]]

 [[144 209]]

 [[145 208]]

 [[145 207]]

 [[142 204]]

 [[139 204]]

 [[138 203]]

 [[135 203]]

 [[134 202]]

 [[135 201]]

 [[135 200]]

 [[138 197]]

 [[141 197]]

 [[142 196]]

 [[153 196]]

 [[154 195]]

 [[154 194]]

 [[151 191]]

 [[143 191]]

 [[142 190]]

 [[143 189]]

 [[143 187]]

 [[146 184]]

 [[152 184]]

 [[153 183]]

 [[153 181]]

 [[151 179]]][[[136 180]]

 [[137 179]]

 [[151 179]]

 [[153 181]]

 [[153 183]]

 [[152 184]]

 [[146 184]]

 [[143 187]]

 [[143 189]]

 [[142 190]]

 [[143 191]]

 [[151 191]]

 [[154 194]]

 [[154 195]]

 [[153 196]]

 [[142 196]]

 [[141 197]]

 [[138 197]]

 [[135 200]]

 [[135 201]]

 [[134 202]]

 [[135 203]]

 [[138 203]]

 [[139 204]]

 [[142 204]]

 [[145 207]]

 [[145 208]]

 [[144 209]]

 [[141 209]]

 [[140 208]]

 [[136 208]]

 [[135 209]]

 [[131 209]]

 [[130 210]]

 [[129 210]]

 [[128 209]]

 [[127 209]]

 [[126 208]]

 [[126 205]]

 [[128 203]]

 [[128 202]]

 [[129 201]]

 [[129 200]]

 [[130 199]]

 [[130 198]]

 [[131 197]]

 [[131 196]]

 [[133 194]]

 [[133 193]]

 [[134 192]]

 [[134 191]]

 [[136 189]]

 [[136 188]]

 [[137 187]]

 [[137 184]]

 [[136 183]]][[[ 91 177]]

 [[ 89 179]]

 [[ 89 181]]

 [[ 90 182]]

 [[ 91 182]]

 [[ 93 184]]

 [[ 93 186]]

 [[ 91 188]]

 [[ 91 189]]

 [[ 89 191]]

 [[ 89 192]]

 [[ 86 195]]

 [[ 86 196]]

 [[ 80 202]]

 [[ 80 205]]

 [[ 81 206]]

 [[ 92 206]]

 [[ 93 207]]

 [[ 97 207]]

 [[ 98 208]]

 [[103 208]]

 [[104 207]]

 [[108 207]]

 [[109 206]]

 [[109 205]]

 [[106 202]]

 [[ 93 202]]

 [[ 92 201]]

 [[ 91 201]]

 [[ 90 200]]

 [[ 90 199]]

 [[ 91 198]]

 [[ 91 197]]

 [[ 92 196]]

 [[104 196]]

 [[105 195]]

 [[105 193]]

 [[103 191]]

 [[ 98 191]]

 [[ 97 190]]

 [[ 97 189]]

 [[ 99 187]]

 [[ 99 186]]

 [[100 185]]

 [[100 184]]

 [[101 183]]

 [[114 183]]

 [[115 182]]

 [[115 181]]

 [[112 178]]

 [[ 97 178]]

 [[ 96 177]]][[[ 91 177]]

 [[ 96 177]]

 [[ 97 178]]

 [[112 178]]

 [[115 181]]

 [[115 182]]

 [[114 183]]

 [[101 183]]

 [[100 184]]

 [[100 185]]

 [[ 99 186]]

 [[ 99 187]]

 [[ 97 189]]

 [[ 97 190]]

 [[ 98 191]]

 [[103 191]]

 [[105 193]]

 [[105 195]]

 [[104 196]]

 [[ 92 196]]

 [[ 91 197]]

 [[ 91 198]]

 [[ 90 199]]

 [[ 90 200]]

 [[ 91 201]]

 [[ 92 201]]

 [[ 93 202]]

 [[106 202]]

 [[109 205]]

 [[109 206]]

 [[108 207]]

 [[104 207]]

 [[103 208]]

 [[ 98 208]]

 [[ 97 207]]

 [[ 93 207]]

 [[ 92 206]]

 [[ 81 206]]

 [[ 80 205]]

 [[ 80 202]]

 [[ 86 196]]

 [[ 86 195]]

 [[ 89 192]]

 [[ 89 191]]

 [[ 91 189]]

 [[ 91 188]]

 [[ 93 186]]

 [[ 93 184]]

 [[ 91 182]]

 [[ 90 182]]

 [[ 89 181]]

 [[ 89 179]]][[[254 175]]

 [[252 177]]

 [[251 177]]

 [[250 178]]

 [[250 179]]

 [[249 180]]

 [[249 181]]

 [[251 183]]

 [[253 183]]

 [[254 182]]

 [[255 182]]

 [[257 180]]

 [[259 180]]

 [[262 183]]

 [[262 188]]

 [[261 189]]

 [[261 190]]

 [[260 191]]

 [[260 192]]

 [[259 193]]

 [[259 194]]

 [[250 203]]

 [[247 203]]

 [[246 204]]

 [[242 204]]

 [[239 207]]

 [[239 209]]

 [[240 210]]

 [[246 210]]

 [[247 209]]

 [[251 209]]

 [[252 208]]

 [[254 208]]

 [[255 207]]

 [[257 207]]

 [[258 208]]

 [[259 208]]

 [[260 209]]

 [[261 209]]

 [[262 210]]

 [[263 210]]

 [[264 211]]

 [[267 211]]

 [[268 210]]

 [[268 209]]

 [[264 205]]

 [[263 205]]

 [[261 203]]

 [[260 203]]

 [[259 202]]

 [[263 198]]

 [[263 197]]

 [[265 195]]

 [[265 194]]

 [[266 193]]

 [[266 192]]

 [[267 191]]

 [[267 189]]

 [[268 188]]

 [[268 183]]

 [[267 182]]

 [[267 181]]

 [[262 176]]

 [[261 176]]

 [[260 175]]][[[254 175]]

 [[260 175]]

 [[261 176]]

 [[262 176]]

 [[267 181]]

 [[267 182]]

 [[268 183]]

 [[268 188]]

 [[267 189]]

 [[267 191]]

 [[266 192]]

 [[266 193]]

 [[265 194]]

 [[265 195]]

 [[263 197]]

 [[263 198]]

 [[259 202]]

 [[260 203]]

 [[261 203]]

 [[263 205]]

 [[264 205]]

 [[268 209]]

 [[268 210]]

 [[267 211]]

 [[264 211]]

 [[263 210]]

 [[262 210]]

 [[261 209]]

 [[260 209]]

 [[259 208]]

 [[258 208]]

 [[257 207]]

 [[255 207]]

 [[254 208]]

 [[252 208]]

 [[251 209]]

 [[247 209]]

 [[246 210]]

 [[240 210]]

 [[239 209]]

 [[239 207]]

 [[242 204]]

 [[246 204]]

 [[247 203]]

 [[250 203]]

 [[259 194]]

 [[259 193]]

 [[260 192]]

 [[260 191]]

 [[261 190]]

 [[261 189]]

 [[262 188]]

 [[262 183]]

 [[259 180]]

 [[257 180]]

 [[255 182]]

 [[254 182]]

 [[253 183]]

 [[251 183]]

 [[249 181]]

 [[249 180]]

 [[250 179]]

 [[250 178]]

 [[251 177]]

 [[252 177]]][[[200 175]]

 [[199 176]]

 [[198 176]]

 [[186 188]]

 [[185 188]]

 [[182 191]]

 [[182 193]]

 [[184 195]]

 [[195 195]]

 [[196 196]]

 [[197 196]]

 [[198 197]]

 [[198 201]]

 [[197 202]]

 [[197 205]]

 [[196 206]]

 [[196 208]]

 [[195 209]]

 [[195 211]]

 [[194 212]]

 [[194 217]]

 [[196 219]]

 [[199 219]]

 [[200 218]]

 [[200 213]]

 [[201 212]]

 [[201 210]]

 [[202 209]]

 [[202 206]]

 [[203 205]]

 [[203 202]]

 [[204 201]]

 [[204 199]]

 [[207 196]]

 [[209 196]]

 [[210 197]]

 [[216 197]]

 [[217 196]]

 [[217 195]]

 [[214 192]]

 [[208 192]]

 [[207 191]]

 [[207 190]]

 [[208 189]]

 [[208 187]]

 [[209 186]]

 [[209 184]]

 [[210 183]]

 [[210 182]]

 [[206 178]]

 [[204 178]]

 [[201 175]]][[[199 176]]

 [[200 175]]

 [[201 175]]

 [[204 178]]

 [[206 178]]

 [[210 182]]

 [[210 183]]

 [[209 184]]

 [[209 186]]

 [[208 187]]

 [[208 189]]

 [[207 190]]

 [[207 191]]

 [[208 192]]

 [[214 192]]

 [[217 195]]

 [[217 196]]

 [[216 197]]

 [[210 197]]

 [[209 196]]

 [[207 196]]

 [[204 199]]

 [[204 201]]

 [[203 202]]

 [[203 205]]

 [[202 206]]

 [[202 209]]

 [[201 210]]

 [[201 212]]

 [[200 213]]

 [[200 218]]

 [[199 219]]

 [[196 219]]

 [[194 217]]

 [[194 212]]

 [[195 211]]

 [[195 209]]

 [[196 208]]

 [[196 206]]

 [[197 205]]

 [[197 202]]

 [[198 201]]

 [[198 197]]

 [[197 196]]

 [[196 196]]

 [[195 195]]

 [[184 195]]

 [[182 193]]

 [[182 191]]

 [[185 188]]

 [[186 188]]

 [[198 176]]][[[201 182]]

 [[200 183]]

 [[199 183]]

 [[193 189]]

 [[193 190]]

 [[194 191]]

 [[200 191]]

 [[201 190]]

 [[201 189]]

 [[202 188]]

 [[202 186]]

 [[203 185]]

 [[203 183]]

 [[202 182]]][[[200 183]]

 [[201 182]]

 [[202 182]]

 [[203 183]]

 [[203 185]]

 [[202 186]]

 [[202 188]]

 [[201 189]]

 [[201 190]]

 [[200 191]]

 [[194 191]]

 [[193 190]]

 [[193 189]]

 [[199 183]]][[[382 172]]

 [[381 173]]

 [[380 173]]

 [[378 175]]

 [[377 175]]

 [[367 185]]

 [[367 186]]

 [[365 188]]

 [[365 189]]

 [[364 190]]

 [[364 191]]

 [[363 192]]

 [[363 194]]

 [[362 195]]

 [[362 196]]

 [[361 197]]

 [[361 198]]

 [[360 199]]

 [[360 202]]

 [[359 203]]

 [[359 209]]

 [[360 210]]

 [[360 211]]

 [[365 216]]

 [[366 216]]

 [[367 217]]

 [[370 217]]

 [[371 218]]

 [[374 218]]

 [[375 217]]

 [[377 217]]

 [[378 216]]

 [[379 216]]

 [[382 213]]

 [[382 211]]

 [[383 210]]

 [[383 202]]

 [[382 201]]

 [[382 200]]

 [[378 196]]

 [[377 196]]

 [[376 195]]

 [[369 195]]

 [[368 194]]

 [[370 192]]

 [[370 191]]

 [[372 189]]

 [[372 188]]

 [[380 180]]

 [[381 180]]

 [[383 178]]

 [[384 178]]

 [[386 176]]

 [[386 175]]

 [[383 172]]][[[381 173]]

 [[382 172]]

 [[383 172]]

 [[386 175]]

 [[386 176]]

 [[384 178]]

 [[383 178]]

 [[381 180]]

 [[380 180]]

 [[372 188]]

 [[372 189]]

 [[370 191]]

 [[370 192]]

 [[368 194]]

 [[369 195]]

 [[376 195]]

 [[377 196]]

 [[378 196]]

 [[382 200]]

 [[382 201]]

 [[383 202]]

 [[383 210]]

 [[382 211]]

 [[382 213]]

 [[379 216]]

 [[378 216]]

 [[377 217]]

 [[375 217]]

 [[374 218]]

 [[371 218]]

 [[370 217]]

 [[367 217]]

 [[366 216]]

 [[365 216]]

 [[360 211]]

 [[360 210]]

 [[359 209]]

 [[359 203]]

 [[360 202]]

 [[360 199]]

 [[361 198]]

 [[361 197]]

 [[362 196]]

 [[362 195]]

 [[363 194]]

 [[363 192]]

 [[364 191]]

 [[364 190]]

 [[365 189]]

 [[365 188]]

 [[367 186]]

 [[367 185]]

 [[377 175]]

 [[378 175]]

 [[380 173]]][[[372 199]]

 [[371 200]]

 [[367 200]]

 [[365 202]]

 [[365 203]]

 [[364 204]]

 [[364 208]]

 [[365 209]]

 [[365 210]]

 [[367 212]]

 [[369 212]]

 [[370 213]]

 [[371 213]]

 [[372 212]]

 [[375 212]]

 [[377 210]]

 [[377 209]]

 [[378 208]]

 [[378 202]]

 [[375 199]]][[[371 200]]

 [[372 199]]

 [[375 199]]

 [[378 202]]

 [[378 208]]

 [[377 209]]

 [[377 210]]

 [[375 212]]

 [[372 212]]

 [[371 213]]

 [[370 213]]

 [[369 212]]

 [[367 212]]

 [[365 210]]

 [[365 209]]

 [[364 208]]

 [[364 204]]

 [[365 203]]

 [[365 202]]

 [[367 200]]][[[327 171]]

 [[326 172]]

 [[325 172]]

 [[324 173]]

 [[323 173]]

 [[322 174]]

 [[321 174]]

 [[318 177]]

 [[317 177]]

 [[315 179]]

 [[315 180]]

 [[308 187]]

 [[308 188]]

 [[306 190]]

 [[306 191]]

 [[305 192]]

 [[305 193]]

 [[304 194]]

 [[304 197]]

 [[303 198]]

 [[303 200]]

 [[302 201]]

 [[302 203]]

 [[301 204]]

 [[301 209]]

 [[302 210]]

 [[302 211]]

 [[307 216]]

 [[309 216]]

 [[310 217]]

 [[313 217]]

 [[314 218]]

 [[317 218]]

 [[318 217]]

 [[319 217]]

 [[320 216]]

 [[321 216]]

 [[323 214]]

 [[323 213]]

 [[324 212]]

 [[324 202]]

 [[319 197]]

 [[314 197]]

 [[313 198]]

 [[313 199]]

 [[315 201]]

 [[317 201]]

 [[319 203]]

 [[319 209]]

 [[318 210]]

 [[318 211]]

 [[317 212]]

 [[316 212]]

 [[315 213]]

 [[313 213]]

 [[312 212]]

 [[310 212]]

 [[309 211]]

 [[308 211]]

 [[307 210]]

 [[307 209]]

 [[306 208]]

 [[306 207]]

 [[307 206]]

 [[307 202]]

 [[308 201]]

 [[308 199]]

 [[309 198]]

 [[309 196]]

 [[310 195]]

 [[310 194]]

 [[311 193]]

 [[311 192]]

 [[317 186]]

 [[317 185]]

 [[320 182]]

 [[321 182]]

 [[325 178]]

 [[326 178]]

 [[327 177]]

 [[328 177]]

 [[330 175]]

 [[330 174]]][[[326 172]]

 [[327 171]]

 [[330 174]]

 [[330 175]]

 [[328 177]]

 [[327 177]]

 [[326 178]]

 [[325 178]]

 [[321 182]]

 [[320 182]]

 [[317 185]]

 [[317 186]]

 [[311 192]]

 [[311 193]]

 [[310 194]]

 [[310 195]]

 [[309 196]]

 [[309 198]]

 [[308 199]]

 [[308 201]]

 [[307 202]]

 [[307 206]]

 [[306 207]]

 [[306 208]]

 [[307 209]]

 [[307 210]]

 [[308 211]]

 [[309 211]]

 [[310 212]]

 [[312 212]]

 [[313 213]]

 [[315 213]]

 [[316 212]]

 [[317 212]]

 [[318 211]]

 [[318 210]]

 [[319 209]]

 [[319 203]]

 [[317 201]]

 [[315 201]]

 [[313 199]]

 [[313 198]]

 [[314 197]]

 [[319 197]]

 [[324 202]]

 [[324 212]]

 [[323 213]]

 [[323 214]]

 [[321 216]]

 [[320 216]]

 [[319 217]]

 [[318 217]]

 [[317 218]]

 [[314 218]]

 [[313 217]]

 [[310 217]]

 [[309 216]]

 [[307 216]]

 [[302 211]]

 [[302 210]]

 [[301 209]]

 [[301 204]]

 [[302 203]]

 [[302 201]]

 [[303 200]]

 [[303 198]]

 [[304 197]]

 [[304 194]]

 [[305 193]]

 [[305 192]]

 [[306 191]]

 [[306 190]]

 [[308 188]]

 [[308 187]]

 [[315 180]]

 [[315 179]]

 [[317 177]]

 [[318 177]]

 [[321 174]]

 [[322 174]]

 [[323 173]]

 [[324 173]]

 [[325 172]]][[[193  52]]

 [[190  55]]

 [[190  57]]

 [[191  58]]

 [[201  58]]

 [[203  60]]

 [[203  63]]

 [[202  64]]

 [[202  65]]

 [[201  66]]

 [[201  67]]

 [[200  68]]

 [[200  69]]

 [[199  70]]

 [[199  71]]

 [[198  72]]

 [[198  73]]

 [[197  74]]

 [[197  75]]

 [[195  77]]

 [[195  78]]

 [[194  79]]

 [[194  80]]

 [[193  81]]

 [[192  81]]

 [[190  83]]

 [[190  84]]

 [[189  85]]

 [[189  87]]

 [[191  89]]

 [[195  89]]

 [[198  86]]

 [[198  85]]

 [[199  84]]

 [[199  83]]

 [[201  81]]

 [[201  80]]

 [[202  79]]

 [[202  78]]

 [[203  77]]

 [[203  76]]

 [[204  75]]

 [[204  74]]

 [[205  73]]

 [[205  72]]

 [[206  71]]

 [[206  70]]

 [[208  68]]

 [[208  67]]

 [[209  66]]

 [[209  65]]

 [[211  63]]

 [[211  62]]

 [[212  61]]

 [[212  60]]

 [[213  59]]

 [[213  56]]

 [[210  53]]

 [[195  53]]

 [[194  52]]][[[193  52]]

 [[194  52]]

 [[195  53]]

 [[210  53]]

 [[213  56]]

 [[213  59]]

 [[212  60]]

 [[212  61]]

 [[211  62]]

 [[211  63]]

 [[209  65]]

 [[209  66]]

 [[208  67]]

 [[208  68]]

 [[206  70]]

 [[206  71]]

 [[205  72]]

 [[205  73]]

 [[204  74]]

 [[204  75]]

 [[203  76]]

 [[203  77]]

 [[202  78]]

 [[202  79]]

 [[201  80]]

 [[201  81]]

 [[199  83]]

 [[199  84]]

 [[198  85]]

 [[198  86]]

 [[195  89]]

 [[191  89]]

 [[189  87]]

 [[189  85]]

 [[190  84]]

 [[190  83]]

 [[192  81]]

 [[193  81]]

 [[194  80]]

 [[194  79]]

 [[195  78]]

 [[195  77]]

 [[197  75]]

 [[197  74]]

 [[198  73]]

 [[198  72]]

 [[199  71]]

 [[199  70]]

 [[200  69]]

 [[200  68]]

 [[201  67]]

 [[201  66]]

 [[202  65]]

 [[202  64]]

 [[203  63]]

 [[203  60]]

 [[201  58]]

 [[191  58]]

 [[190  57]]

 [[190  55]]][[[132  44]]

 [[130  46]]

 [[129  46]]

 [[125  50]]

 [[124  50]]

 [[115  59]]

 [[115  60]]

 [[111  64]]

 [[111  65]]

 [[108  68]]

 [[108  69]]

 [[106  71]]

 [[106  72]]

 [[105  73]]

 [[105  75]]

 [[104  76]]

 [[104  78]]

 [[103  79]]

 [[103  92]]

 [[104  93]]

 [[104  94]]

 [[105  95]]

 [[105  96]]

 [[108  99]]

 [[109  99]]

 [[110 100]]

 [[112 100]]

 [[113 101]]

 [[117 101]]

 [[118 100]]

 [[121 100]]

 [[122  99]]

 [[123  99]]

 [[124  98]]

 [[125  98]]

 [[128  95]]

 [[128  94]]

 [[129  93]]

 [[129  92]]

 [[130  91]]

 [[130  85]]

 [[129  84]]

 [[129  82]]

 [[127  80]]

 [[127  79]]

 [[125  77]]

 [[124  77]]

 [[122  75]]

 [[121  75]]

 [[120  74]]

 [[117  74]]

 [[116  73]]

 [[113  73]]

 [[112  72]]

 [[113  71]]

 [[113  70]]

 [[117  66]]

 [[117  65]]

 [[129  53]]

 [[130  53]]

 [[133  50]]

 [[134  50]]

 [[135  49]]

 [[135  46]]

 [[133  44]]][[[132  44]]

 [[133  44]]

 [[135  46]]

 [[135  49]]

 [[134  50]]

 [[133  50]]

 [[130  53]]

 [[129  53]]

 [[117  65]]

 [[117  66]]

 [[113  70]]

 [[113  71]]

 [[112  72]]

 [[113  73]]

 [[116  73]]

 [[117  74]]

 [[120  74]]

 [[121  75]]

 [[122  75]]

 [[124  77]]

 [[125  77]]

 [[127  79]]

 [[127  80]]

 [[129  82]]

 [[129  84]]

 [[130  85]]

 [[130  91]]

 [[129  92]]

 [[129  93]]

 [[128  94]]

 [[128  95]]

 [[125  98]]

 [[124  98]]

 [[123  99]]

 [[122  99]]

 [[121 100]]

 [[118 100]]

 [[117 101]]

 [[113 101]]

 [[112 100]]

 [[110 100]]

 [[109  99]]

 [[108  99]]

 [[105  96]]

 [[105  95]]

 [[104  94]]

 [[104  93]]

 [[103  92]]

 [[103  79]]

 [[104  78]]

 [[104  76]]

 [[105  75]]

 [[105  73]]

 [[106  72]]

 [[106  71]]

 [[108  69]]

 [[108  68]]

 [[111  65]]

 [[111  64]]

 [[115  60]]

 [[115  59]]

 [[124  50]]

 [[125  50]]

 [[129  46]]

 [[130  46]]][[[114  78]]

 [[113  79]]

 [[112  79]]

 [[110  81]]

 [[110  82]]

 [[109  83]]

 [[109  84]]

 [[108  85]]

 [[108  91]]

 [[109  92]]

 [[109  93]]

 [[112  96]]

 [[117  96]]

 [[118  95]]

 [[119  95]]

 [[120  94]]

 [[121  94]]

 [[123  92]]

 [[123  91]]

 [[124  90]]

 [[124  89]]

 [[125  88]]

 [[125  86]]

 [[124  85]]

 [[124  83]]

 [[120  79]]

 [[119  79]]

 [[118  78]]][[[113  79]]

 [[114  78]]

 [[118  78]]

 [[119  79]]

 [[120  79]]

 [[124  83]]

 [[124  85]]

 [[125  86]]

 [[125  88]]

 [[124  89]]

 [[124  90]]

 [[123  91]]

 [[123  92]]

 [[121  94]]

 [[120  94]]

 [[119  95]]

 [[118  95]]

 [[117  96]]

 [[112  96]]

 [[109  93]]

 [[109  92]]

 [[108  91]]

 [[108  85]]

 [[109  84]]

 [[109  83]]

 [[110  82]]

 [[110  81]]

 [[112  79]]]